0,387
0,386
0,385
0,384
0,319
0,318
0,317
0,316
0,283
24,3
24,2
0,9
24,1
24,0
23,52
23,51
23,50
23,49
23,48
23,47
23,46
23,45
23,44
23,43
23,42
23,41
23,40
23,39
23,38
23,37
23,36
23,35
3,2
10,193
10,101
10,135
10,73
10,79
10,81
10,191
10,2
10,3
11,20
11,6
11,11
11,18
11,14
11,2
11,3
9,5
9,2
9,3
8,8
8,5
8,6
8,11
8,7
8,2
8,3
12,2
12,1
12,3
11,30
11,29
11,28
11,27
11,26
11,25
11,24
11,23
11,22
11,1
11,21
10,317
10,316
20,2
10,315
20,1
10,314
20,3
10,313
10,312
10,311
10,310
10,309
10,308
10,307
10,306
10,305
10,304
10,303
10,302
10,301
10,300
10,299
10,298
10,297
10,296
10,295
10,294
19,2
10,293
19,1
10,292
19,3
10,291
10,290
10,289
10,288
10,287
10,286
10,285
10,284
10,283
10,282
10,281
10,280
10,279
